50000
31,733
87,96
185,728
18,504
46,909
197,933
179,702
172,622
48,630
59,782
7,456
151,518
1,72
190,5
3,452
118,341
189,12
154,480
107,626
153,997
4,512
180,948
55,624
116,46
185,807
33,684
95,657
187,508
131,515
154,367
154,206
177,851
70,324
42,814
145,22
77,342
94,417
158,235
128,465
14,694
195,219
138,343
46,306
22,960
62,336
62,753
28,323
38,239
55,990
1,185
91,609
20,336
99,380
148,781
155,639
120,445
9,737
80,876
52,446
192,38
111,255
175,175
157,40
192,375
47,16
113,725
4,710
112,745
11,923
132,728
182,715
152,530
148,165
51,297
133,137
118,419
108,211
98,395
77,608
109,904
152,896
172,236
38,541
32,17
169,232
43,215
15,895
84,624
115,84
128,148
5,920
12,61
99,103
26,701
101,506
34,943
49,932
46,455
60,139
17,461
162,369
157,286
171,170
66,419
170,29
83,767
85,281
24,476
32,424
122,633
183,361
37,20
27,330
27,595
50,421
72,903
134,964
1,506
183,528
61,90
9,843
33,305
138,806
29,875
44,355
25,236
116,165
121,787
198,623
175,812
81,328
125,533
87,142
150,765
88,282
15,277
73,230
167,1
126,745
111,436
82,455
6,419
16,182
61,958
160,471
5,934
112,376
8,126
107,848
119,526
177,319
182,910
68,774
108,220
46,70
79,518
195,96
68,945
25,630
18,868
194,453
46,541
2,560
164,148
12,798
169,434
126,847
124,47
188,961
14,425
133,963
200,221
19,205
172,651
173,399
52,411
186,789
182,453
121,635
160,156
140,206
120,155
93,960
17,528
41,358
53,33
73,953
31,419
117,310
154,617
109,719
195,856
110,101
81,580
119,293
90,457
78,282
35,879
101,381
41,340
39,366
140,604
76,604
47,245
87,420
40,487
164,282
40,591
88,540
175,473
94,60
91,575
35,742
54,122
162,966
140,265
87,777
172,359
52,443
169,803
44,487
115,777
6,793
127,86
14,953
37,205
175,465
48,754
112,597
169,909
196,775
64,318
14,738
93,821
163,974
43,892
93,843
140,792
61,776
31,399
6,549
54,67
60,339
169,177
174,921
146,38
120,451
181,396
8,700
14,970
40,248
85,747
9,541
93,842
137,45
35,335
43,698
123,702
22,291
187,887
118,232
178,928
97,48
144,150
30,484
129,863
21,822
45,940
188,287
63,620
18,194
110,638
36,917
33,497
175,560
50,274
168,471
118,615
54,627
120,624
169,454
30,966
18,531
152,786
100,187
32,335
50,37
37,707
129,472
183,50
14,96
186,156
195,127
176,579
76,791
27,74
62,442
84,115
39,827
154,468
163,329
7,33
184,281
97,142
187,587
20,383
118,829
20,525
151,977
135,165
92,140
152,453
62,262
38,920
17,642
32,173
146,950
199,186
192,539
186,494
27,482
183,148
146,737
137,718
178,825
113,512
165,338
88,131
8,304
156,751
159,720
4,738
122,18
70,266
77,622
94,586
102,763
97,217
35,157
159,487
96,730
143,444
170,985
107,581
2,587
38,124
160,360
134,153
187,764
99,677
8,3
98,214
114,323
162,523
128,33
94,899
148,662
135,928
74,622
184,105
78,624
7,532
100,499
195,647
164,799
22,243
47,167
135,36
155,253
64,485
111,851
67,308
157,729
6,414
80,306
95,389
150,302
195,704
88,404
140,330
158,426
108,784
194,477
24,917
3,914
26,61
42,20
86,774
37,615
188,138
199,561
96,198
149,699
69,687
191,142
70,674
151,457
175,24
188,440
106,727
151,334
76,809
139,581
13,550
1,671
9,405
127,125
70,305
23,7
88,408
188,851
179,322
125,923
99,660
59,942
21,22
23,161
195,687
55,100
59,584
144,106
162,173
136,67
139,657
91,827
119,85
97,847
42,109
23,388
193,189
168,104
112,768
76,613
160,613
77,815
117,458
69,550
182,663
138,762
171,197
194,40
190,789
79,320
43,905
64,657
40,853
51,432
187,575
29,697
112,914
153,470
24,212
7,869
136,563
13,534
2,495
171,548
71,194
98,717
142,937
66,576
143,366
129,882
98,404
148,880
153,728
117,140
148,121
110,825
139,440
72,355
133,302
111,877
172,588
146,325
49,184
155,75
108,77
94,593
106,949
101,525
46,187
186,653
84,72
129,872
71,542
58,13
98,592
110,174
13,728
180,174
61,463
119,45
154,954
98,977
10,655
12,878
117,90
101,942
17,440
136,381
177,840
67,537
116,191
165,388
127,578
62,493
128,431
34,458
49,924
103,740
125,213
48,615
24,652
168,547
61,502
91,472
122,780
200,693
170,639
142,980
9,236
104,248
200,316
32,898
7,961
82,506
25,765
108,544
171,637
193,577
185,895
5,878
162,212
114,555
48,796
74,522
23,437
198,127
126,271
186,471
77,501
21,417
17,41
32,716
131,627
111,740
124,981
149,524
42,550
186,526
189,474
36,235
27,553
30,329
126,244
115,940
89,468
5,957
39,747
137,791
84,132
192,161
26,894
94,200
7,642
64,553
22,439
34,3
121,428
131,221
14,774
88,164
185,577
163,287
46,337
142,326
8,184
75,741
129,823
41,374
92,528
117,723
67,759
76,521
58,729
28,617
85,267
155,481
180,500
137,933
83,210
47,707
111,642
38,811
169,691
198,548
140,764
17,257
180,952
33,939
15,582
129,59
20,90
144,638
197,445
132,721
72,131
183,608
168,773
131,144
68,341
2,458
34,817
138,764
93,14
53,435
14,563
181,811
37,746
92,300
129,690
49,999
127,63
169,137
114,320
89,554
161,34
139,765
40,34
71,251
27,469
90,963
37,765
127,961
104,675
44,513
164,627
12,975
17,533
96,868
162,418
177,176
44,951
27,528
132,323
151,409
175,180
68,839
73,599
89,903
182,732
74,134
139,94
71,258
19,986
160,484
23,336
164,885
90,596
112,160
78,663
186,158
88,169
196,174
97,989
56,72
70,770
15,977
67,604
83,29
98,195
169,969
100,549
100,599
51,935
10,458
113,925
167,774
85,859
132,956
53,991
130,960
39,782
105,262
86,92
23,175
8,836
123,875
181,589
157,876
21,599
37,967
193,736
147,258
169,900
35,166
110,682
98,100
4,72
39,707
169,426
12,965
64,991
87,840
137,851
77,14
168,147
54,627
190,380
36,423
79,590
70,417
147,674
32,397
88,904
36,64
170,982
98,325
127,945
105,827
46,609
162,991
90,533
172,553
37,388
159,469
27,200
118,44
184,477
34,363
76,707
196,779
65,878
51,443
9,871
140,870
107,135
121,137
83,258
59,179
49,334
118,282
70,83
165,818
38,983
103,293
31,801
6,330
71,455
151,670
189,141
38,423
146,323
83,526
194,983
73,831
164,248
12,521
50,336
125,661
101,295
40,118
158,357
119,792
140,79
100,677
158,231
48,245
196,443
170,57
81,176
64,204
45,107
19,544
25,783
163,383
16,497
85,762
165,224
42,302
32,526
94,326
160,615
158,207
74,632
52,545
66,429
93,451
46,797
87,250
12,910
105,339
109,491
21,779
117,288
18,139
79,100
14,643
54,562
167,297
38,219
36,723
7,291
144,770
131,129
60,656
126,742
35,389
70,405
124,283
185,524
6,470
119,690
26,328
180,170
165,425
108,158
71,451
124,555
97,58
194,332
54,825
92,381
121,858
129,971
158,367
5,126
127,260
27,287
62,844
76,267
31,988
176,555
183,388
186,988
113,466
125,406
140,285
42,528
145,697
142,985
109,97
156,486
16,995
27,207
149,169
122,715
141,847
174,723
188,716
3,748
61,119
94,153
92,641
16,77
200,589
18,745
32,792
57,228
78,517
140,203
60,338
184,532
164,186
167,468
70,393
168,881
171,50
112,571
66,429
158,204
33,148
182,347
96,520
144,975
59,74
129,113
79,107
19,227
99,152
81,978
76,194
33,882
188,817
142,542
145,469
199,381
164,465
141,757
194,765
110,985
189,928
99,109
85,303
17,473
75,904
111,544
60,789
184,919
99,416
149,341
78,909
47,673
18,687
60,923
32,758
196,308
23,14
70,924
72,568
124,591
167,204
113,20
5,59
93,485
34,580
194,996
89,895
181,256
74,842
151,255
94,527
42,544
182,467
1,645
1,46
1,709
26,472
28,730
7,72
197,120
34,619
145,576
8,386
93,208
74,904
140,885
83,603
61,466
138,101
81,463
80,615
119,416
177,911
155,461
81,290
157,649
95,482
144,562
149,202
3,709
167,411
174,685
122,141
178,943
5,271
163,697
12,486
158,135
33,147
61,461
191,345
62,146
125,470
73,917
115,888
88,18
62,89
21,189
106,262
159,95
24,486
24,217
108,668
144,296
112,847
51,810
186,56
143,969
83,586
163,716
162,321
96,444
138,119
66,746
24,324
120,203
43,267
151,673
195,262
6,998
160,820
90,171
93,304
126,973
182,334
59,233
120,179
59,792
