4500
76,737
174,993
164,757
162,151
19,304
126,564
91,523
29,517
159,557
60,963
83,124
63,85
75,658
24,64
55,989
158,16
100,958
36,423
191,766
33,79
6,959
105,859
166,137
81,481
92,717
168,710
195,103
57,903
5,281
176,948
124,266
23,20
110,4
3,998
26,499
189,448
8,240
146,719
180,129
169,203
174,252
28,500
66,760
111,83
2,87
176,740
167,67
94,327
46,466
52,366
167,220
58,310
33,92
181,492
19,223
13,967
142,856
101,494
173,520
188,662
149,576
96,444
14,653
72,156
138,898
30,956
117,397
133,601
110,354
99,760
56,838
70,885
172,26
112,638
155,348
152,430
76,186
189,265
138,235
147,852
95,814
84,229
3,144
155,433
21,267
44,831
129,954
151,490
80,763
196,878
